OrderID	Pi	di	wi	accepted	devery	delayed	Profit
0	127	710	0.8	1	894	1	-20.2
1	458	3473	1.1	1	720	0	458.0
2	480	1647	1.3	1	1029	0	480.0
3	381	881	1.3	1	582	0	381.0
4	109	2919	1.2	0						
5	497	983	0.9	1	533	0	497.0
6	457	1980	0.9	1	879	0	457.0
7	431	1304	1.4	0						
8	165	781	1.4	1	649	0	165.0
9	82	1405	1.4	1	781	0	82.0
10	71	2499	0.9	0						
11	364	1345	1.0	0						
12	105	3468	0.5	0						
13	127	3514	0.8	0						
14	382	2551	1.3	0						
15	410	3811	1.3	0						
16	147	3652	1.5	0						
17	373	142	0.8	0						
18	282	142	1.4	0						
19	41	1320	1.1	0						
20	102	3188	1.2	0						
21	27	321	0.5	0						
22	32	1932	0.7	0						
23	214	4009	1.0	0						
24	201	232	0.9	0						
25	473	1346	1.4	0						
26	365	3677	0.7	0						
27	79	2806	0.7	0						
28	242	368	1.0	0						
29	415	3573	0.9	0						
30	463	372	0.8	0						
31	143	1764	1.5	0						
32	471	2099	1.5	0						
33	57	169	0.6	0						
34	353	3977	0.8	0						
35	126	4376	1.2	0						
36	382	1657	1.1	0						
37	188	3823	0.9	0						
38	23	369	1.0	0						
39	480	3786	1.3	0						
40	341	2714	1.1	0						
41	269	3032	1.3	0						
42	293	3786	0.7	0						
43	326	2603	1.4	0						
44	224	1141	0.9	0						
45	394	2372	1.4	0						
46	253	4045	1.1	0						
47	279	2232	0.7	0						
48	472	778	1.1	0						
49	222	4170	1.3	0						
50	301	4360	0.9	0						
51	392	637	1.3	0						
52	255	3984	1.4	0						
53	255	2386	0.8	0						
54	92	2265	0.9	0						
55	226	52	1.0	0						
56	150	2134	1.2	0						
57	54	121	1.1	0						
58	429	1465	0.7	0						
59	246	1933	1.0	0						
60	8	2203	1.3	0						
61	264	2758	1.1	0						
62	404	3907	0.9	0						
63	62	3896	0.8	0						
64	449	232	0.9	0						
65	56	2560	1.2	0						
66	339	3920	0.8	0						
67	221	2323	0.5	0						
68	126	3807	1.3	0						
69	338	3522	1.3	0						
70	306	4082	1.0	0						
71	58	2164	0.6	0						
72	208	1134	0.7	0						
73	356	1096	1.2	0						
74	297	4295	1.1	0						
75	322	2448	0.9	0						
76	243	873	0.9	0						
77	33	816	0.9	0						
78	318	1305	1.3	0						
79	68	3006	1.3	0						
80	315	671	0.8	0						
81	165	3604	0.9	0						
82	474	2955	0.6	0						
83	56	931	1.2	0						
84	183	4188	0.8	0						
85	324	2201	1.0	0						
86	322	2014	0.7	0						
87	130	276	1.1	0						
88	308	1751	1.1	0						
89	89	117	0.9	0						
90	60	1855	0.7	0						
91	319	3506	1.3	0						
92	457	3622	0.8	0						
93	450	718	1.1	0						
94	330	3642	0.5	0						
95	140	3830	1.1	0						
96	286	1417	0.9	0						
97	5	4265	1.2	0						
98	194	3286	0.9	0						
99	345	4093	0.7	0						
------Order Sequence(ID)-------------------------------
5	5	5	5	5	5	5	5	5	5	
3	3	3	3	3	3	3	3	3	3	
8	8	8	8	8	8	8	8	8	8	
1	1	1	1	1	1	1	1	1	1	
9	9	9	9	9	9	9	9	9	9	
6	6	6	6	6	6	6	6	6	6	
0	0	0	0	0	0	0	0	0	0	
2	2	2	2	2	2	2	2	2	2	
------Finished time(ID)-------------------------------
(5,	34,	34)	(5,	61,	95)	(5,	66,	161)	(5,	9,	170)	(5,	25,	195)	(5,	35,	230)	(5,	93,	323)	(5,	19,	342)	(5,	95,	437)	(5,	96,	533)	pi=	127	di=	710	wi=	0.8	pal=	0.0	profit=	497.0
(3,	66,	100)	(3,	42,	142)	(3,	79,	240)	(3,	68,	308)	(3,	61,	369)	(3,	65,	434)	(3,	63,	497)	(3,	8,	505)	(3,	13,	518)	(3,	49,	582)	pi=	458	di=	3473	wi=	1.1	pal=	0.0	profit=	381.0
(8,	57,	157)	(8,	33,	190)	(8,	65,	305)	(8,	62,	370)	(8,	11,	381)	(8,	50,	484)	(8,	7,	504)	(8,	59,	564)	(8,	66,	630)	(8,	19,	649)	pi=	480	di=	1647	wi=	1.3	pal=	0.0	profit=	165.0
(1,	50,	207)	(1,	16,	223)	(1,	21,	326)	(1,	10,	380)	(1,	27,	408)	(1,	90,	574)	(1,	15,	589)	(1,	98,	687)	(1,	25,	712)	(1,	8,	720)	pi=	381	di=	881	wi=	1.3	pal=	0.0	profit=	458.0
(9,	6,	213)	(9,	41,	264)	(9,	76,	402)	(9,	7,	409)	(9,	99,	508)	(9,	39,	613)	(9,	1,	614)	(9,	45,	732)	(9,	20,	752)	(9,	29,	781)	pi=	109	di=	2919	wi=	1.2	pal=	0.0	profit=	82.0
(6,	82,	295)	(6,	18,	313)	(6,	92,	494)	(6,	51,	545)	(6,	91,	636)	(6,	9,	645)	(6,	18,	663)	(6,	3,	735)	(6,	46,	798)	(6,	81,	879)	pi=	497	di=	983	wi=	0.9	pal=	0.0	profit=	457.0
(0,	69,	364)	(0,	88,	452)	(0,	18,	512)	(0,	86,	631)	(0,	2,	638)	(0,	62,	707)	(0,	93,	800)	(0,	5,	805)	(0,	14,	819)	(0,	15,	894)	pi=	457	di=	1980	wi=	0.9	pal=	147.2	profit=	-20.2
(2,	41,	405)	(2,	13,	465)	(2,	87,	599)	(2,	44,	675)	(2,	28,	703)	(2,	80,	787)	(2,	49,	849)	(2,	19,	868)	(2,	72,	940)	(2,	89,	1029)	pi=	431	di=	1304	wi=	1.4	pal=	0.0	profit=	480.0
maxProfit=	2499.8
